222 359 83 524
686 348 724 367
454 30 291 99
240 265 72 422
671 260 684 272
268 167 96 271
628 150 600 160
333 87 166 174
568 81 470 97
201 380 75 574
705 377 772 406
201 475 81 674
703 476 824 512
192 431 71 626
714 429 810 448
208 537 112 730
692 534 811 603
227 587 160 803
679 587 775 674
294 346 212 593
418 339 330 523
504 342 504 492
633 357 645 485
349 323 257 536
564 324 574 463
316 392 266 603
400 394 359 584
518 394 520 546
600 389 619 531
358 367 306 575
358 406 310 598
565 364 561 520
565 400 562 539
463 405 443 569
463 463 459 620
461 518 478 679
470 638 496 814
470 661 515 874
472 686 526 907
376 658 368 845
562 645 620 798
253 636 196 875
660 641 760 779
276 717 246 951
639 711 725 897
335 794 324 1031
601 772 690 988
470 835 545 1077
80 894 102 1050
784 843 840 967
453 1005 604 1219
